2490399
7176355
8214554
0180748
4287372
0241142
0620397
9115295
6281662
6359653
9056164
3071662
6718751
5959442
8438662
7897094
8729943
7802003
0716653
5395904
1963288
7783190
7977851
0910122
0621122
6479966
2366132
2768858
3053224
6947688
7349665
4839360
3537344
2278467
3527753
3149139
5206463
3684250
5455608
8200947
5602986
3482698
0424228
3274821
4907635
1247045
5875356
8043175
0312551
4393050
4787698
5296406
0603316
8849458
1051221
9909284
5168620
8490554
6181158
8703713
1431517
2588779
3434133
6227304
5184249
1297247
2668761
4811362
4994376
4130016
2267869
4094952
7521827
0381921
8660658
8639617
9499794
6174566
8490179
7070803
6893820
1739185
5767992
4856468
2517861
7690049
3736397
4080766
9153495
7176943
6259582
4254098
8140195
2469234
5596722
4368919
5455815
2012474
6721385
8991886
